Vtr=40;

mtr1=45000;
mtr2=2200;
mtr3=2200;
mtr4=1900;
mtr5=1900;
mtr6=1900;
mtr7=1900;

Jtr11=231200;
Jtr12=2850;
Jtr21=2200;
Jtr22=1000;
Jtr31=2200;
Jtr32=1000;
Jtr4=550;
Jtr5=550;
Jtr6=550;
Jtr7=550;

ktr1=800000;
ktr2=800000;
ktr3=800000;
ktr4=800000;
ktr5=2130000;
ktr6=2130000;
ktr7=2130000;
ktr8=2130000;
ktr9=2130000;
ktr10=2130000;
ktr11=2130000;
ktr12=2130000;
ktr13=14209023.56;
ktr14=14209023.56;
ktr15=14209023.56;
ktr16=14209023.56;
ktr17=14209023.56;
ktr18=14209023.56;
ktr19=14209023.56;
ktr20=14209023.56;

ctr1=217400;
ctr2=217400;
ctr3=217400;
ctr4=217400;
ctr5=120000;
ctr6=120000;
ctr7=120000;
ctr8=120000;
ctr9=120000;
ctr10=120000;
ctr11=120000;
ctr12=120000;

Ltr1y1=12.25;
Ltr1y2=12.25;
Ltr1x1=0.7175;
Ltr1x2=0.7175;
Ltr2y1=1.25;
Ltr2y2=1.25;
Ltr2x1=0.7175;
Ltr2x2=0.7175;
Ltr3y1=1.25;
Ltr3y2=1.25;
Ltr3x1=0.7175;
Ltr3x2=0.7175;
Ltr4x1=0.7175;
Ltr4x2=0.7175;
Ltr5x1=0.7175;
Ltr5x2=0.7175;
Ltr6x1=0.7175;
Ltr6x2=0.7175;
Ltr7x1=0.7175;
Ltr7x2=0.7175;